root
512
1
-1
-1
-1
-1
-1
a1_27.xsm
212
3
-1
-1
-1
-1
-1
a2_27.xsm
370
3
-1
-1
-1
-1
-1
a3_27.xsm
538
3
-1
-1
-1
-1
-1
a4_27.xsm
546
3
-1
-1
-1
-1
-1
m_merge.xsm
1768
3
-1
-1
-1
-1
-1
m_sort.xsm
1866
3
-1
-1
-1
-1
-1
m_store.xsm
1458
3
-1
-1
-1
-1
-1
merge.xsm
778
3
-1
-1
-1
-1
-1
pgm1.xsm
926
3
-1
-1
-1
-1
-1
pgm2.xsm
558
3
-1
-1
-1
-1
-1
pid.xsm
130
3
-1
-1
-1
-1
-1
numbers.dat
1079
2
root
1
-1
-1
-1
four.dat
100
2
root
1
-1
-1
-1
five.dat
100
2
root
1
-1
-1
-1
three.dat
100
2
root
1
-1
-1
-1
six.dat
86
2
root
1
-1
-1
-1
seven.dat
100
2
root
1
-1
-1
-1
eight.dat
100
2
root
1
-1
-1
-1
nine.dat
22
2
root
1
-1
-1
-1
ten.dat
83
2
root
1
-1
-1
-1
eleven.dat
22
2
root
1
-1
-1
-1
twelve.dat
36
2
root
1
-1
-1
-1
-1
0
-1
-1
-1
-1
-1
-1
-1
0
-1
-1
-1
-1
-1
-1
-1
0
-1
-1
-1
-1
-1
-1
-1
0
-1
-1
-1
-1
-1
-1
-1
0
-1
-1
-1
-1
-1
-1
-1
0
-1
-1
-1
-1
-1
-1
-1
0
-1
-1
-1
-1
-1
-1
-1
0
-1
-1
-1
-1
-1
-1
-1
0
-1
-1
-1
-1
-1
-1
-1
0
-1
-1
-1
-1
-1
-1
-1
0
-1
-1
-1
-1
-1
-1
-1
0
-1
-1
-1
-1
-1
-1
-1
0
-1
-1
-1
-1
-1
-1
-1
0
-1
-1
-1
-1
-1
-1
-1
0
-1
-1
-1
-1
-1
-1
-1
0
-1
-1
-1
-1
-1
-1
-1
0
-1
-1
-1
-1
-1
-1
-1
0
-1
-1
-1
-1
-1
-1
-1
0
-1
-1
-1
-1
-1
-1
-1
0
-1
-1
-1
-1
-1
-1
-1
0
-1
-1
-1
-1
-1
-1
-1
0
-1
-1
-1
-1
-1
-1
-1
0
-1
-1
-1
-1
-1
-1
-1
0
-1
-1
-1
-1
-1
-1
-1
0
-1
-1
-1
-1
-1
-1
-1
0
-1
-1
-1
-1
-1
-1
-1
0
-1
-1
-1
-1
-1
-1
-1
0
-1
-1
-1
-1
-1
-1
-1
0
-1
-1
-1
-1
-1
-1
-1
0
-1
-1
-1
-1
-1
-1
-1
0
-1
-1
-1
-1
-1
-1
-1
0
-1
-1
-1
-1
-1
-1
-1
0
-1
-1
-1
-1
-1
-1
-1
0
-1
-1
-1
-1
-1
-1
-1
0
-1
-1
-1
-1
-1
-1
-1
0
-1
-1
-1
-1
-1
-1
-1
0
-1
-1
-1
-1
-1
-1
-1
0
-1
-1
-1
-1
-1
-1
-1
0
-1
-1
-1
-1
-1
-1
-1
0
-1
-1
-1
-1
-1
-1
-1
0
-1
-1
-1
-1
-1
-1
